002384
008920
005108
007468
009117
006181
005609
001834
008794
008169
009307
000865
000276
008655
005813
003735
009173
001579
001404
006896
001729
003244
000552
002590
005303
007898
004587
007361
009805
002702
007113
003889
001427
007629
008311
004808
004228
000906
009584
006847
007503
000860
006899
006341
008019
002219
003671
007003
005457
006375
008979
006289
002166
005499
002197
000033
004823
009763
006748
004801
001174
003063
001393
008995
001194
004255
000711
007385
003085
005173
003155
009242
000700
003740
006459
009684
000820
001611
004837
004799
007334
004120
007619
001843
001501
002625
005544
005918
005764
009359
002710
005718
005840
003491
001214
000919
001082
008517
002500
008426
004644
005451
009879
004643
006011
007968
002738
000767
004242
007381
000026
000219
005867
004622
002755
007721
000091
005881
003988
001526
005156
005756
000966
003284
006548
005697
008533
008076
002919
001954
003184
007885
004966
002817
009644
001239
000262
003945
008316
009377
009306
007748
004782
003211
004470
002284
006251
004987
000138
006448
000044
008397
002759
002117
000950
000554
009587
000012
007713
003140
002757
003108
005190
000991
007166
001836
008462
004034
002405
004237
008211
001864
008301
005114
008248
000147
008062
003424
003983
007023
001787
000064
002249
001270
009185
005107
007683
003781
007263
002458
009654
005715
003779
000577
001896
005909
001810
004367
006078
007791
000474
009562
000404
006433
002483
006840
003450
009542
009961
001945
006551
004131
008926
006349
001761
008975
008026
001738
003824
006320
003011
002745
004404
009774
005094
008253
005073
000999
007016
000987
002801
002594
008468
005177
002132
006524
007089
005489
005351
007976
008723
006156
003835
005024
008960
000047
000296
002680
002199
003847
003051
006395
002635
005990
004551
006515
006104
001130
001479
006363
005269
005947
002864
009136
002237
009218
001294
003555
007323
005181
001010
009638
004307
002001
000898
004092
003042
008391
009877
002564
009272
009882
003576
002280
002868
009848
003749
006369
000851
009029
001594
005097
006166
008067
009828
001845
006070
007911
003214
009703
007590
008815
001171
002420
003282
003259
000695
009499
007289
000320
002664
001312
006208
001800
000263
009018
006627
006382
005592
003859
006852
008310
004171
000605
003165
008317
003599
007018
007011
000710
005611
000967
006043
005068
000367
004360
009465
005742
001683
001768
003236
002186
000192
008783
002558
000726
004591
000503
002116
003656
009339
004607
005686
004991
003752
006170
007369
003188
004691
007781
008930
008809
000871
005885
003818
009735
004747
002403
003489
003363
003704
007325
004052
000544
007006
008064
007654
002355
001604
003175
006976
008702
005850
007578
009860
009365
003373
004841
003621
003497
000468
002423
004502
009463
006162
002215
006264
004990
007410